# CELL file written 12:19:29 (GMT+1.0) 16th August 2022 from run al2o3_xc-PBESOL_c-0900_k-5x5x5_dos

%BLOCK lattice_cart
   ANG
       2.38618300000000        1.37766500000000        4.33755400000000    
      -2.38618000000000        1.37766200000000        4.33755400000000    
     -0.100000000004044E-05   -2.75532700000000        4.33755300000000    
%ENDBLOCK lattice_cart

%BLOCK positions_frac
   O              0.556102731632808       0.943897144384995       0.249999938008834
   O              0.943897020402799       0.250000000000000       0.556102793623839
   O              0.249999876017803       0.556102855615004       0.943897082393829
   O              0.056102731632808       0.750000000000000       0.443897082393829
   O              0.749999876017803       0.443897144384995       0.056102793623839
   O              0.443897020402799       0.056102855615004       0.749999938008834
   Al             0.147921869067495       0.147921993049692       0.147921931058526
   Al             0.647921869067495       0.647921993049692       0.647921931058526
   Al             0.852077882968111       0.852078006950308       0.852077944959142
   Al             0.352077882968111       0.352078006950308       0.352077944959142
%ENDBLOCK positions_frac

FIX_COM : true

%BLOCK species_pot
   O       2|1.1|17|20|23|20:21(qc=8)
   Al      3|2.2|2.2|1.4|4|5|5|30:31:32U2U2
%ENDBLOCK species_pot

%BLOCK species_lcao_states
   O       2
   Al      2
%ENDBLOCK species_lcao_states

SYMMETRY_TOL :     0.001000

%BLOCK symmetry_ops
# Symm. op. 1       E
          1.000000000000000       0.000000000000000       0.000000000000000
          0.000000000000000       1.000000000000000       0.000000000000000
         -0.000000000000000       0.000000000000000       1.000000000000000
          0.000000000000000       0.000000000000000       0.000000000000000
# Symm. op. 2       I
         -1.000000000000000      -0.000000000000000      -0.000000000000000
         -0.000000000000000      -1.000000000000000      -0.000000000000000
          0.000000000000000      -0.000000000000000      -1.000000000000000
          0.999999752035606      -0.000000000000000       0.999999876017668
# Symm. op. 3       3
         -0.499998931750501       0.866026012690821       0.000000209540031
         -0.866024794879858      -0.500001068249467      -0.000000362933455
          0.000000230544534      -0.000000133105137       0.999999999999968
          0.999999938008969       0.000000123982197       0.999999938008834
# Symm. op. 4      -3
          0.499998931750501      -0.866026012690821      -0.000000209540031
          0.866024794879858       0.500001068249467       0.000000362933455
         -0.000000230544534       0.000000133105137      -0.999999999999968
          0.999999814026637       0.999999876017803       0.999999938008834
# Symm. op. 5       3
         -0.500001068249499      -0.866026012690821      -0.000000209539574
          0.866024794879746      -0.499998931750533      -0.000000362933202
          0.000000230544862       0.000000133105137       1.000000000000032
          0.999999876017803       0.000000061991166       0.000000061991031
# Symm. op. 6      -3
          0.500001068249499       0.866026012690821       0.000000209539574
         -0.866024794879746       0.499998931750533       0.000000362933202
         -0.000000230544862      -0.000000133105137      -1.000000000000032
          0.999999876017803       0.999999938008834       0.999999814026637
# Symm. op. 7       2
         -0.500000020550867       0.866025384070729       0.000000209539574
          0.866025399768068       0.500000020550900       0.000000362933202
         -0.000000076848229      -0.000000133105040      -1.000000000000032
          0.499999814026637       0.500000000000000       0.499999814026637
# Symm. op. 8       n
          0.500000020550867      -0.866025384070729      -0.000000209539574
         -0.866025399768068      -0.500000020550900      -0.000000362933202
          0.000000076848229       0.000000133105040       1.000000000000032
          0.499999938008969       0.500000000000000       0.500000061991031
# Symm. op. 9       2
          1.000000000000760       0.000001257238814      -0.000000000000000
         -0.000001209777688      -1.000000000000760      -0.000000000000000
         -0.000000307392931      -0.000000000000193      -1.000000000000000
          0.499999876017803       0.499999876017803       0.499999876017668
# Symm. op. 10      n
         -1.000000000000760      -0.000001257238814       0.000000000000000
          0.000001209777688       1.000000000000760       0.000000000000000
          0.000000307392931       0.000000000000193       1.000000000000000
          0.499999876017803       0.500000123982197       0.500000000000000
# Symm. op. 11      2
         -0.499999979449893      -0.866026641309544      -0.000000209540031
         -0.866024189990269       0.499999979449861       0.000000362933455
         -0.000000076848236       0.000000133105234      -0.999999999999968
          0.499999752035606       0.499999938008834       0.499999938008834
# Symm. op. 12      n
          0.499999979449893       0.866026641309544       0.000000209540031
          0.866024189990269      -0.499999979449861      -0.000000362933455
          0.000000076848236      -0.000000133105234       0.999999999999968
          0.500000000000000       0.500000061991166       0.499999938008834
%ENDBLOCK symmetry_ops

kpoint_mp_grid :   19  19  19

bs_kpoint_mp_grid :    5   5   5

optics_kpoint_mp_grid :    5   5   5

elnes_kpoint_mp_grid :    5   5   5

magres_kpoint_mp_grid :    5   5   5

phonon_kpoint_mp_grid :    5   5   5

